STAAD SPACE
START JOB INFORMATION
ENGINEER DATE 05-Jun-26
END JOB INFORMATION
INPUT WIDTH 79
UNIT METER KN
JOINT COORDINATES
1 0.0250006 0 -3.87574e-07; 3 1.775 0 -3.87574e-07; 5 1.775 0 1.8;
7 0.0250006 0 1.8; 10 0.0250006 0.300001 -3.87574e-07;
12 1.775 0.300001 -3.87574e-07; 14 1.775 0.300001 1.8;
16 0.0250006 0.300001 1.8; 21 1.775 3.7 -3.87574e-07; 25 0.0250006 3.7 1.8;
28 0.0250006 5.70001 -3.87574e-07; 30 1.775 5.70001 -3.87574e-07;
32 1.775 5.70001 1.8; 34 0.0250006 5.70001 1.8; 36 0.900002 5.70001 0.900002;
37 0.0250006 6.00001 -3.87574e-07; 39 1.775 6.00001 -3.87574e-07;
41 1.775 6.00001 1.8; 43 0.0250006 6.00001 1.8; 45 0.900002 6.00001 0.900002;
46 0.900002 5.70001 1.5; 47 0.900002 6.00001 1.5; 48 0.900002 5.70001 1.2;
49 0.900002 6.00001 1.2; 50 0.900002 5.70001 0.600001;
51 0.900002 6.00001 0.600001; 52 0.900002 5.70001 0.300001;
53 0.900002 6.00001 0.300001; 54 0.900002 6.00001 1.35;
55 0.900002 6.00001 0.450001; 56 0.0250006 3.7 -3.87574e-07; 57 1.775 3.7 1.8;
61 0.900002 6.00001 1.93787e-07; 62 0.900002 5.70001 1.93787e-07;
63 0.900002 6.00001 1.8; 64 0.900002 5.70001 1.8; 65 3.525 0 -3.87574e-07;
66 3.525 0 1.8; 67 3.525 0.300001 -3.87574e-07; 68 3.525 0.300001 1.8;
69 3.525 3.7 -3.87574e-07; 70 3.525 5.70001 -3.87574e-07; 71 3.525 5.70001 1.8;
72 2.65001 5.70001 0.900002; 73 3.525 6.00001 -3.87574e-07;
74 3.525 6.00001 1.8; 75 2.65001 6.00001 0.900002; 76 2.65001 5.70001 1.5;
77 2.65001 6.00001 1.5; 78 2.65001 5.70001 1.2; 79 2.65001 6.00001 1.2;
80 2.65001 5.70001 0.600001; 81 2.65001 6.00001 0.600001;
82 2.65001 5.70001 0.300001; 83 2.65001 6.00001 0.300001;
84 2.65001 6.00001 1.35; 85 2.65001 6.00001 0.450001; 86 3.525 3.7 1.8;
89 2.65001 6.00001 1.93787e-07; 90 2.65001 5.70001 1.93787e-07;
91 2.65001 6.00001 1.8; 92 2.65001 5.70001 1.8; 93 0.900002 6.00001 2.1;
94 0.900002 5.70001 2.1; 95 2.65001 6.00001 2.1; 96 2.65001 5.70001 2.1;
97 0.900002 6.00001 2.4; 98 0.900002 5.70001 2.4; 99 2.65001 6.00001 2.4;
100 2.65001 5.70001 2.4; 101 0.0250006 2 1.8; 102 1.775 2 1.8; 103 3.525 2 1.8;
104 3.525 2 -3.87574e-07; 105 1.775 2 -3.87574e-07;
106 0.0250006 2 -3.87574e-07;
MEMBER INCIDENCES
13 1 10; 15 3 12; 17 5 14; 19 7 16; 24 12 14; 28 16 10; 34 10 106; 36 12 105;
38 14 102; 40 16 101; 45 21 57; 49 25 56; 55 56 28; 57 21 30; 59 57 32;
61 25 34; 64 28 62; 65 62 30; 66 30 32; 68 32 64; 69 64 34; 70 34 28; 75 36 48;
76 28 37; 77 62 61; 78 30 39; 80 32 41; 81 64 63; 82 34 43; 84 36 45; 85 37 61;
86 61 39; 87 39 41; 89 41 63; 90 63 43; 91 43 37; 96 45 49; 97 46 64; 98 47 63;
99 46 47; 100 48 46; 101 49 54; 102 48 49; 103 50 36; 104 51 45; 105 50 51;
106 52 50; 107 53 55; 108 52 53; 109 54 47; 110 55 51; 113 57 54; 114 56 55;
120 56 21; 121 10 12; 132 61 53; 133 62 52; 134 25 57; 135 16 14; 136 65 67;
137 66 68; 138 67 68; 139 67 104; 140 68 103; 141 69 86; 142 69 70; 143 86 71;
144 30 90; 145 90 70; 146 70 71; 147 71 92; 148 92 32; 149 72 78; 150 90 89;
151 70 73; 152 71 74; 153 92 91; 154 72 75; 155 39 89; 156 89 73; 157 73 74;
158 74 91; 159 91 41; 160 75 79; 161 76 92; 162 77 91; 163 76 77; 164 78 76;
165 79 84; 166 78 79; 167 80 72; 168 81 75; 169 80 81; 170 82 80; 171 83 85;
172 82 83; 173 84 77; 174 85 81; 175 86 84; 176 21 85; 177 21 69; 178 12 67;
187 89 83; 188 90 82; 189 57 86; 190 14 68; 191 63 93; 192 64 94; 193 91 95;
194 92 96; 195 94 93; 196 96 95; 197 93 97; 198 94 98; 199 95 99; 200 96 100;
201 98 97; 202 100 99; 203 101 25; 204 102 57; 205 102 101; 206 103 86;
207 103 102; 208 104 69; 209 104 103; 210 105 21; 211 105 104; 212 105 102;
213 106 56; 214 106 105; 215 106 101; 216 28 21; 218 106 12; 221 102 16;
222 30 69; 223 69 105; 225 57 103; 227 34 56; 229 101 10; 230 70 86;
232 104 68; 233 56 101; 234 86 104;
DEFINE MATERIAL START
ISOTROPIC STEEL
E 1.99947e+08
POISSON 0.3
DENSITY 76.8191
ALPHA 6.5e-06
DAMP 0.03
TYPE STEEL
STRENGTH RY 1.5 RT 1.2
END DEFINE MATERIAL
MEMBER PROPERTY BRITISH
13 15 17 19 24 28 34 36 38 40 45 49 55 57 59 61 64 TO 66 68 TO 70 75 TO 78 -
80 TO 82 84 TO 87 89 TO 91 96 TO 110 113 114 120 121 132 TO 178 187 TO 216 -
218 221 TO 223 225 227 229 230 232 TO 234 TABLE ST PIP483.6
CONSTANTS
MATERIAL STEEL ALL
MEMBER RELEASE
113 114 175 176 216 218 221 TO 223 225 227 229 230 232 TO 234 START MX MY MZ
113 114 175 176 216 218 221 TO 223 225 227 229 230 232 TO 234 END MX MY MZ
SUPPORTS
1 3 5 7 65 66 FIXED BUT MX MY MZ KFX 19.652 KFZ 19.652
103 106 FIXED BUT FY MX MY MZ
LOAD 1 LOADTYPE Dead  TITLE SELF WEIGHT
SELFWEIGHT Y -1.1 LIST ALL
LOAD 2 LOADTYPE Live  TITLE CHAIN HOIST LOAD
JOINT LOAD
45 75 FY -6.131
LOAD 3 LOADTYPE Live  TITLE IMPACT LOAD ON X-AXIS
JOINT LOAD
45 75 FX 1.839
LOAD 4 LOADTYPE Live  TITLE IMPACT LOAD ON Z-AXIS
JOINT LOAD
45 75 FZ 1.839
LOAD 5 LOADTYPE Wind  TITLE WIND LOAD ON X-AXIS
MEMBER LOAD
13 15 17 19 24 28 34 36 38 40 45 49 55 57 59 61 66 70 75 TO 78 80 TO 82 84 -
87 91 96 TO 110 132 133 136 TO 143 146 149 TO 154 157 160 TO 174 187 188 -
191 TO 204 206 208 TO 210 212 213 215 UNI GX 0.056
LOAD 6 LOADTYPE Wind  TITLE WIND LOAD ON Z-AXIS
MEMBER LOAD
13 15 17 19 34 36 38 40 55 57 59 61 64 65 68 69 76 TO 78 80 TO 82 84 TO 86 -
89 90 99 102 105 108 120 121 134 TO 137 139 140 142 TO 145 147 148 -
150 TO 156 158 159 163 166 169 172 177 178 189 190 195 196 201 TO 208 210 -
211 213 214 UNI GZ 0.056
LOAD COMB 7 1.5DL + 1.5CL
1 1.5 2 1.5 
LOAD COMB 8 1.5DL + 1.5CL + 1.5ILX
1 1.5 2 1.5 3 1.5 
LOAD COMB 9 1.5DL + 1.5CL + 1.5ILZ
1 1.5 2 1.5 4 1.5 
LOAD COMB 10 1.5DL + 1.5WLX
1 1.5 5 1.5 
LOAD COMB 11 1.5DL + 1.5WLZ
1 1.5 6 1.5 
LOAD COMB 12 1.5DL + 1.5CL + 1.5WLX
1 1.5 2 1.5 5 1.5 
LOAD COMB 13 1.5DL + 1.5CL + 1.5WLZ
1 1.5 2 1.5 6 1.5 
LOAD COMB 14 DL + CL
1 1.0 2 1.0 
LOAD COMB 15 DL + CL + ILX
1 1.0 2 1.0 3 1.0 
LOAD COMB 16 DL + CL + ILZ
1 1.0 2 1.0 4 1.0 
LOAD COMB 17 DL + WLX
1 1.0 5 1.0 
LOAD COMB 18 DL + WLZ
1 1.0 6 1.0 
LOAD COMB 19 DL + CL + WLX
1 1.0 2 1.0 5 1.0 
LOAD COMB 20 DL + CL + WLZ
1 1.0 2 1.0 6 1.0 
PERFORM ANALYSIS PRINT STATICS CHECK
PRINT SUPPORT REACTION
PRINT MEMBER FORCES
PARAMETER 1
CODE EN 1993-1-1:2005
PY 235000 ALL
GM0 1.1 ALL
GM1 1.1 ALL
CHECK CODE ALL
FINISH
